package-1: 19.990062J	dram: 1.760097J	
package-0: 27.849538J	dram: 2.376258J	
1.57	0.00	0.99	0.00	0.00	2.78	0.00	0.00	2.02	0.00	0.00	4.65	0.00	0.00	0.00	0.00	0.00	0.00	2.33	4.55	0.00	0.00	0.00	0.00	0.99	0.00	0.00	0.00	0.00	0.00	0.00	0.00	0.00	4.88	4.88	4.88	4.88	0.00	6.98	4.76	4.65	4.76	6.82	0.00	4.55	4.65	4.65	4.65	6.82	4.65	1.98	0.99	2.33	4.55	4.55	4.55	2.33	2.38	8.70	6.67	2.33	4.65	4.55	4.55	4.55	
package-1: 86.068322J	dram: 5.341490J	
package-0: 96.799068J	dram: 6.028322J	
35.45	76.77	71.72	21.43	72.28	72.45	72.00	72.28	72.73	65.00	65.35	75.26	65.00	71.72	64.65	64.65	65.00	72.00	67.35	66.67	65.00	64.65	64.65	64.29	64.65	72.00	64.65	64.65	72.28	72.28	71.29	64.00	64.36	2.04	2.02	66.33	1.02	1.02	2.02	2.02	2.02	2.02	1.02	0.00	2.02	1.02	2.02	2.02	1.02	4.04	0.00	0.00	1.02	1.02	1.02	2.02	2.02	2.02	1.02	1.02	2.02	2.02	2.00	1.02	1.01	
package-1: 57.242712J	dram: 3.981855J	
package-0: 82.103062J	dram: 3.483688J	
23.45	100.00	100.00	0.00	100.00	100.00	100.00	100.00	100.00	0.00	0.00	100.00	0.00	100.00	0.00	0.00	0.00	100.00	0.00	0.00	0.00	0.00	0.00	0.00	0.00	100.00	0.00	0.00	100.00	100.00	100.00	0.99	0.00	0.00	0.00	100.00	0.00	0.00	0.00	0.00	0.00	0.00	0.00	0.00	0.00	0.00	0.00	0.00	0.00	0.00	0.00	0.00	0.00	0.00	0.00	0.00	0.00	0.00	0.00	0.00	0.00	0.00	0.00	0.00	0.00	
